18389
3620
8852
14484
31451
13813
3475
28571
29912
10092
15772
31163
20849
23568
28848
19633
8171
26237
20592
29306
24146
19493
28452
28522
31596
16072
2439
28172
2913
29105
6488
19645
6951
1718
1185
26887
20143
20205
30149
17598
13777
23342
10317
24797
1016
6221
13935
27166
5773
29460
13154
4955
30245
16387
7780
14759
15977
25287
31367
11819
6345
29050
5951
16834
13792
20384
21933
28244
29093
31965
30377
14835
3671
4984
15762
12215
12839
12944
29653
2650
5026
20512
6462
27794
229
11956
19713
17202
11647
29416
15239
11519
29476
5285
7418
1107
28951
10267
4239
26228
13909
14974
24726
21681
25218
16000
31555
19266
27029
17553
11322
27101
26178
31449
25308
2584
10026
12529
4436
24450
25285
23397
28768
32127
15883
21226
13279
24295
4581
19296
31775
19294
6999
16006
4068
13937
618
18047
11064
29813
25562
9224
28406
24864
18820
27766
15636
21476
15758
7026
3507
32271
25684
1141
2280
3748
18710
24577
29000
14327
18786
28837
11062
29450
19266
31662
27884
7338
10790
4525
25418
18505
1680
25261
22369
25754
25730
6705
8383
3567
17575
32496
28792
10834
9283
21071
16633
11109
4060
11170
30348
4602
13478
19235
31914
3953
7343
8366
27652
24789
463
578
1360
16309
25421
20024
3284
1220
19025
30017
21171
22576
26894
10273
29691
3010
172
9517
8298
31418
14838
24965
28931
2920
23752
2578
6997
11914
4662
6206
3462
30825
7549
30326
16162
12210
14250
28769
17062
28181
31244
27357
25546
11935
859
8126
24210
26072
17317
22853
31507
32668
6908
26978
6662
24250
14049
22698
32270
14926
23150
2326
24009
29918
32071
18561
2712
18743
27967
3807
14383
26886
24265
25662
12507
26933
6181
10879
662
6155
9030
18129
28877
6402
12933
26353
14059
25191
9224
24098
26541
30900
20464
21998
29989
941
3398
20123
11659
6461
6563
11116
14535
23054
20385
18077
25279
15338
22533
18716
15968
7636
16809
16903
28014
485
11306
14825
6412
2280
29015
15796
26379
2997
31060
7550
30706
28238
9617
23292
14801
2235
32367
959
7110
16805
4012
29488
28236
14004
8082
14412
31815
3754
11492
6944
10448
20796
24451
32260
7616
24756
22499
5783
22270
29000
2354
14974
5769
6711
2626
15323
3396
23721
2362
4495
17541
15428
19969
18224
5212
17806
30566
28873
12963
7685
24335
7764
9930
31232
20520
2808
11871
5188
31943
1027
24160
869
24097
17318
3393
2275
27503
15218
20923
13824
21406
2710
8794
610
9657
7125
25029
12397
5143
10058
25548
7006
15940
5084
14132
19240
11696
29823
16450
27151
28953
7471
28680
30725
698
2989
9329
22471
25905
8184
32014
4535
9009
24714
12447
26744
7660
18008
12129
6988
22077
19590
7707
29229
7321
16366
30182
28588
21428
2639
21695
17549
12786
30037
19150
24864
11668
8525
12403
16477
32671
11172
20758
18631
27019
16676
30379
24317
10673
6127
8712
1568
19058
3383
31718
10728
14374
25283
19129
28293
18891
22561
31024
8759
10346
7083
31114
11436
16712
20284
4511
6173
11986
7344
23465
4135
17478
5661
2007
29290
10273
24018
10896
19683
10572
21012
9095
26122
15109
14483
27011
10923
17294
9646
18156
7556
10648
7019
21269
9380
19566
7220
13387
20606
21218
11602
30369
30928
31992
1323
889
19254
25684
24891
1491
10125
22371
16340
18261
26120
15180
31125
21022
25364
8341
30380
25419
27885
30357
31691
31301
28413
2462
19179
4305
30456
14310
5059
18389
28601
2362
28679
5355
11737
5473
26465
15527
10772
25937
14128
9640
1373
15124
23043
20577
12987
27768
2772
32677
25322
15481
16389
24052
3505
24431
23067
11144
13572
5624
572
16669
15834
2723
29801
29572
31436
24161
12668
9190
17523
4012
21729
2265
15230
10356
2580
31780
4245
24270
24030
22866
28145
5212
26447
14585
24248
24698
1146
5319
20505
4397
9971
8274
2092
20172
27657
25244
11911
20076
31940
23655
17056
16141
29085
18238
7141
23942
13824
14656
20381
23344
10114
14763
6268
853
27874
4652
7177
19287
16577
26857
10672
14752
11297
28490
20390
20301
27807
12683
24961
24729
624
21251
19603
2059
8733
17201
22026
8287
1534
14219
7880
28982
23416
30215
2307
31357
18422
15462
23452
2717
16808
20547
16192
2919
14334
991
28993
12733
18403
15273
18482
31745
30650
16528
26180
11071
14105
27401
13667
8986
7752
29407
2320
23671
10616
28606
509
22251
27587
22141
3946
13541
30183
32559
10818
28315
27842
32744
9716
18358
2957
26703
13075
29628
3544
10728
28588
5441
15689
14622
8555
973
7956
13075
30060
1164
32058
5160
25058
25016
18305
19275
1386
3271
2102
13827
8237
14164
26789
20797
696
3790
341
10964
3739
1762
29188
24546
9411
24233
32101
13257
7575
19601
9372
3071
9941
32013
32373
23709
9003
20476
18024
20903
26517
218
24397
16665
29305
9641
17887
12726
30852
12445
12019
656
25410
24714
19828
32598
7552
19470
31781
28000
18786
29566
18198
23932
15427
1425
4323
20086
23631
17103
20400
27753
15330
11191
7652
30920
3743
26035
6824
10027
21584
700
22046
31451
21889
6093
17762
28956
19931
19977
31297
1085
24641
23211
6844
21344
12460
2481
21563
31498
16327
18248
18065
27241
25674
21494
8883
16745
32279
3978
31032
885
16149
1731
29840
11021
9680
12227
31492
27148
1485
306
29809
8887
14766
20529
12228
25989
23307
8453
9268
32689
7178
22144
2626
26240
7876
27694
2162
2898
26199
10053
28615
25707
15819
27210
17407
13951
12454
6019
2963
27391
29005
11808
9069
32550
18721
3624
4711
22466
28245
3877
6280
1475
23441
21902
30205
18309
1352
4857
9689
21213
2266
7421
2188
13285
12649
1768
14885
19591
28283
10790
4167
16588
6228
18796
31725
23522
7697
15015
19165
14831
31108
17320
1261
17048
1235
5516
24825
16464
3535
4844
3487
8289
17173
19658
18881
10171
22247
25142
2232
10367
29640
11971
7768
1099
24281
29614
11944
1859
25590
26567
23902
26596
26512
23079
31005
30600
14920
21392
7789
20409
2641
25250
3710
2102
3714
32451
13724
16837
18238
11724
7538
4542
28932
22644
18174
6740
1237
31101
10328
23458
25161
5024
18978
2426
32624
6713
16590
29164
14953
14514
32147
16536
10436
9393
13101
10932
153
26369
19031
20444
30565
18241
8713
23453
12968
17999
6001
13247
9791
21362
4531
16214
31873
10314
3425
4743
25628
30583
25529
2843
24494
23052
18849
10693
29475
10162
16995
13363
19153
9628
552
27607
14420
14382
31798
25970
8491
877
6377
19813
15119
9765
20339
9399
12823
31708
8019
17125
5261
4473
9622
10349
8334
14516
18897
28185
20323
26173
16090
23820
15010
18092
21321
31630
14084
13867
19889
6807
16645
1765
20638
12317
5950
16941
590
2589
7810
20591
29744
9835
27578
13271
1566
15162
3969
16835
16729
15467
32638
1769
26440
27030
14725
16968
12272
12505
31853
8912
29746
29283
12975
13264
16328
28863
27331
9251
1790
31201
31035
21530
31792
5361
8348
22056
16647
16603
23295
20048
28530
3987
8556
23631
13926
10793
19697
31881
1622
2448
28038
2996
2417
28718
12961
22854
25503
28707
16791
29855
30265
2649
5561
8438
9098
12880
17962
7173
19978
17062
19842
9076
3924
11881
12068
25863
25324
31517
5727
17798
16563
20364
19271
10864
25382
9040
6481
12894
13658
23329
945
2104
9400
24031
25460
15643
21112
28254
19292
21766
24799
22005
19839
29255
22583
11205
32414
19368
24467
17610
21318
22872
17727
6307
12969
25755
4873
10017
23354
26161
10803
10897
29962
24456
9011
8906
28133
6817
27953
1269
31531
31938
26941
7199
23920
22496
32084
26240
16851
26315
23313
31625
23839
24599
30259
18095
7331
19406
26322
8954
2257
2007
13152
9036
13721
10021
15970
4978
23683
6047
21484
32236
31887
15058
4830
17020
7116
23897
11745
2417
1722
14600
16415
8112
10593
28123
12740
1927
24110
7585
26681
18994
20112
5736
15899
22057
16727
14247
32509
30255
29383
32302
25315
11547
21119
25294
17785
613
17164
30664
5398
2928
14156
28918
13685
15769
18820
699
21037
21764
10305
17324
23798
23585
29935
31995
13210
8192
28730
5543
10684
7514
4136
1126
29260
12891
23539
29773
9414
8496
10664
2117
23085
12117
6528
26926
7627
28060
27393
2768
11685
29948
2004
21382
18112
9247
24677
4777
30999
10665
30269
29117
16215
26442
12319
19550
22112
31106
21476
6888
4220
28727
16918
23529
8285
1016
20303
10312
6105
21519
22352
24114
5732
31049
26080
3784
25425
31108
4459
6793
28616
26621
25430
10369
31878
15958
27171
25647
24408
14954
20809
11831
9301
19665
6865
11212
1758
25650
22192
24795
32342
8523
29671
16632
23202
16321
1885
25353
11359
16297
9335
17333
29926
7122
9085
17034
23041
6360
29100
17905
22890
30954
18203
12754
14343
8278
24142
7430
10472
30425
2459
29056
26620
4521
16961
25403
17558
29246
3394
27107
22436
26084
20996
10563
25001
20994
32427
29809
3199
31016
5683
22459
3279
1242
1105
21840
24396
24606
21255
16558
7602
11975
7689
25807
10114
28032
24531
24851
6778
1688
29831
26860
22230
26511
28296
21067
2889
25444
6359
7886
1210
28060
17200
27558
15807
31250
13283
29770
27098
3458
23412
5085
30838
19155
9714
29024
19359
2344
1559
17047
7813
16037
5669
20924
22447
19457
27259
12775
17150
29904
29177
20024
28521
4238
25
16330
11378
16491
23754
5719
25451
13785
30220
32683
18538
21974
3917
31178
7949
17657
2693
31712
3822
10303
10003
16877
17381
9875
21077
10029
22016
30495
26122
15176
13635
2133
28777
32318
5408
3003
25085
28432
5045
29306
15687
22831
6344
9894
9234
3238
10370
3404
24212
27910
9711
7484
14409
789
16689
5787
20111
32053
3463
10023
11522
19094
31490
1865
21397
15643
12289
23516
629
24077
32369
26816
26526
24962
28870
24605
2617
25739
10936
23159
4028
25121
6590
17270
14016
2765
12619
18291
9121
27417
11979
3522
23256
3257
8540
19394
1304
32377
12621
31909
22825
28390
25431
18944
18312
17852
21405
28946
17340
26643
9317
12500
18294
4936
7316
3268
27504
31404
12779
28786
12802
5103
31492
32711
24452
15946
17674
8216
31847
12400
18747
1519
23826
22834
15903
21395
19326
7924
16518
5213
11920
10708
20547
8378
19257
9364
23721
14079
31568
8267
7369
21744
30250
1744
12138
7694
1791
18401
16069
23204
19708
11543
9221
23440
24871
138
18049
20178
32247
29252
12983
20694
1199
26726
9480
18049
31870
9756
1078
19453
26456
30018
1949
17477
2194
16083
1332
21871
31040
15894
9027
23997
9807
14983
27106
11618
5217
29830
28725
4372
1387
12481
8553
31061
23568
3683
21869
19073
22716
5113
14705
8600
3201
7977
17439
6601
7601
8977
12700
24259
14912
24960
17213
6075
21462
2775
16137
30523
439
28861
27379
31665
9299
14214
32724
11443
9900
12897
20522
24851
31084
22083
7827
22951
9154
28567
24583
15573
1536
1698
26072
16096
10742
7864
11115
758
15628
15393
17332
245
4129
23752
8819
31745
14631
20393
15664
21959
12923
5880
16375
19086
5125
16658
20948
25090
16916
25637
9485
8384
11766
10398
20258
18080
1114
3669
9349
9670
25958
22651
5145
24167
664
19519
15981
2908
15966
11843
17589
11113
10611
10946
2956
21322
31231
5245
28012
29825
22638
9834
6377
17634
7692
13340
5808
4826
24933
29937
13123
4740
27743
22013
18546
28522
30739
32441
8856
12059
19056
29803
32155
12401
4494
2133
21921
21407
6355
31901
1938
5885
13256
3071
32082
13459
31417
16437
25020
3175
13582
17185
6237
26502
3436
5824
29941
24532
27531
24527
28334
30869
4054
12091
19226
13239
19652
30282
31982
12261
31225
4490
12928
6988
32027
5756
20482
1835
1141
20480
20860
26653
20302
5504
20619
20262
8199
26844
10715
10111
13303
1817
32357
1313
23815
22473
3177
20500
6412
26424
7211
22645
17127
22363
31853
8008
14687
29561
19119
24579
6073
21143
809
9942
23581
13476
5253
32699
6056
1641
29532
2626
1104
14383
26999
32282
7291
21293
7362
27742
4191
31160
2575
18853
13592
15913
28561
3272
18826
31885
25363
28273
11516
8976
4091
5480
25457
5414
22786
15261
966
5503
22961
6133
27533
25256
922
6357
21675
29313
21340
15215
10420
30818
22868
3023
11777
8716
4643
6564
27287
14161
19172
28111
22711
2179
3370
19629
18756
22430
20156
20773
4057
10293
24848
11376
21670
8733
23688
5803
10255
29403
878
15390
13315
22990
22705
13130
10012
19227
26205
18357
13691
21853
28636
9588
19297
13834
3054
12669
19854
18595
25193
6826
858
15523
2482
28556
1684
15909
16375
17653
21790
32083
31794
14660
24645
16531
4829
24686
13793
28016
27253
25809
7985
13384
31665
26809
20851
19131
6527
29870
3142
24782
15555
32387
16832
15587
20431
21792
9295
10841
13728
32010
13904
9987
2270
18871
14193
31562
20114
16276
3015
10528
6309
2770
30894
23979
21532
5876
21348
20910
16149
4890
32100
17591
17024
28426
19076
32523
11166
7427
11470
1617
316
9282
16926
28929
28843
20561
8064
1162
3718
2322
30278
2630
26403
8079
28396
1822
6869
7039
21933
16893
488
21911
29921
17654
5210
27287
14621
17716
4441
21263
31497
7589
8833
11253
2815
18533
30418
31720
23145
748
4467
322
24279
2296
18472
21728
2787
4665
11668
28081
30917
32446
25392
20735
8885
24098
3847
31616
17668
15733
28983
20252
17912
26604
21800
4476
16236
1609
23177
18263
1572
18696
21007
30843
19185
2383
10733
10397
12682
3219
9745
4322
31012
22282
24613
26153
4822
14548
19264
14367
16816
488
14192
13568
8341
2239
4329
24109
10716
28611
22281
31091
7338
21878
1811
19221
23565
23394
30376
25759
9177
12229
23044
5226
12099
1528
29182
16878
11583
10659
7614
17098
7833
6306
19515
29845
31189
20406
2428
10082
12488
13804
9098
9493
29683
21197
9015
24937
20386
15179
5266
7868
32457
24934
23333
5025
3993
12961
3573
23844
13797
12584
5943
18907
26424
29630
5074
18865
7346
14440
11929
3698
22183
30171
29508
10518
15861
6054
21811
12237
32553
20768
26083
14542
15185
13071
30508
13792
10911
28701
9536
31909
19650
31739
1124
1961
17156
29010
28267
15406
12324
27246
11255
16565
14833
14505
30063
12364
2219
9881
1983
13979
24601
12537
18643
24748
11881
25176
14289
11902
11468
15748
9497
12616
28110
25268
28157
17037
30070
23415
14400
8164
14113
14688
26960
30596
5407
29550
21827
12689
15882
11838
24979
554
1002
23279
6042
4143
2315
22745
25292
15571
24217
1517
30390
22501
28928
27114
6330
19677
24069
26693
18823
5289
4260
9429
2651
30773
16040
1858
14840
28605
9229
2348
17767
10962
6165
15130
10352
3373
22572
11305
31188
11319
9341
8305
32592
6484
2640
16950
1363
1267
30762
14803
30330
1622
30627
22630
28367
5154
10501
16700
18118
31142
23721
15867
20979
21739
26130
10642
19852
27008
1222
7649
15011
21506
32496
20519
8224
27245
18871
18479
28800
21798
23388
24122
3919
11460
790
11179
12902
10402
25261
23157
6885
10789
26072
32581
25071
12494
21335
27246
21800
767
21456
7064
7919
6029
2667
17449
13916
3081
6956
1135
21240
13262
15123
20370
24639
3018
9717
8764
11478
7949
5657
30725
20876
10259
6546
11168
3091
31441
24927
11719
2427
898
26179
16104
23666
26158
32613
6028
6973
2815
18088
11148
24949
9027
26312
29682
12674
29504
12089
27568
29145
27835
2496
11011
501
26183
11726
19877
8982
31566
11679
4021
12476
24801
14615
19815
25826
15167
12887
20843
9211
16423
28706
7710
3246
12766
18931
7539
18256
32510
18906
25504
20773
4869
8218
28808
16215
9113
13444
7147
13746
1692
29073
6224
3365
23796
9538
14510
26105
7703
5048
25820
8654
20569
6035
26815
346
31221
27658
2605
25057
5853
31951
4515
22132
8002
22432
12716
6377
27361
7085
30987
3742
32020
685
15279
23788
1428
24510
7764
18797
8719
12289
12537
25070
11373
6386
17413
10291
8674
28808
25655
15725
28340
11024
10578
18812
10953
19145
17286
6629
4856
11584
29597
13457
19212
21098
23018
23115
13463
31107
18418
13559
26237
12201
215
11667
4412
11319
5256
9711
23548
5858
16811
4652
1626
5014
2629
11766
23284
12302
26415
18817
16052
3894
17977
27204
26846
28224
16155
15224
4055
24456
11040
2639
5819
22312
2961
18933
1949
25947
27362
23368
26267
14995
9374
5206
10665
20824
16404
17306
24859
23014
18879
10998
23791
17286
22390
11888
23264
32680
9048
12973
2348
23237
26997
26413
27168
1783
29757
30796
25704
13397
937
25844
3096
21264
31531
29731
28793
23375
598
1568
31380
14026
1101
15740
10368
10280
14829
15307
12652
19481
10938
28192
24172
4147
20618
9546
9220
15246
18931
30159
18549
25886
18294
7084
8905
29651
8040
24010
16032
1138
13476
11584
28857
20785
7154
31820
10304
30485
11318
2318
2265
13580
25945
6154
6512
202
23031
23131
5055
3428
1997
31672
8348
8109
19168
5160
3336
19540
22382
31109
17400
31674
26262
11442
6369
20372
454
24220
12037
17989
6376
18674
2432
14328
20300
22179
4113
2432
11092
22555
5289
12529
5345
16190
9653
26619
20096
7969
14636
10249
21845
27531
31832
19486
21443
13358
21604
29802
4833
22437
23465
1967
5788
27181
26551
28246
20652
19491
25638
25424
5688
11329
3611
30382
17480
29080
23705
7679
16110
18765
8589
28269
14132
21523
12183
23702
25540
12140
4250
7723
6234
22175
6402
2379
26602
6008
25560
3485
15760
5826
903
9007
6204
8325
29548
19218
21785
16384
5663
32177
13506
23397
19587
8949
1828
20311
29072
28699
10801
17956
18139
18256
18250
18114
7658
29970
31593
14219
19002
26437
22034
20664
10252
14871
23287
15007
17396
13973
29294
21420
28447
7946
29843
23073
19559
25884
15164
30093
8728
9636
26273
23565
31872
1616
16584
3910
27960
20731
27570
27934
29493
26823
17992
4157
22414
29952
13314
15430
2827
23984
13149
20949
20593
30210
28410
1593
16272
28759
13718
23278
27913
30762
1197
4321
17119
3492
4590
4962
21957
32510
32605
5864
17185
7067
9802
26505
25571
31969
9461
9012
24585
219
6910
23476
28398
21136
16527
23652
20566
7200
17480
4019
19001
16036
7149
16471
14162
11203
13265
12880
29287
15636
10498
20387
10839
9527
31282
25811
27365
22194
23400
10528
26183
31885
6250
3711
19308
24748
12777
5468
13585
23535
8554
8210
32130
11275
28665
550
817
19238
2956
18247
10744
9525
1848
28166
9518
18198
12822
4693
22123
25452
12530
17345
19739
18750
1721
879
12997
10318
14241
9688
12313
16187
29462
5188
5819
20310
28776
10759
23506
29252
27189
10622
12111
11608
25752
1225
15357
24237
10766
30278
23629
24582
11052
9424
20447
31591
11523
20412
15824
3440
29263
16016
4038
29052
19298
28801
29117
4989
14547
18355
654
17301
3301
11311
324
10101
14265
25251
799
25974
10804
4829
32356
25977
31662
14854
13802
17279
15967
1182
20837
20487
11914
19515
11889
14891
10343
13569
13918
16249
4305
9952
17598
32146
7348
7825
27311
16773
9012
4686
6889
28905
26270
26196
2694
26812
15
11545
21141
28159
23014
12109
7773
3085
25835
30611
29297
31935
29756
24060
22648
30274
27643
20295
31673
31411
11961
19419
617
1407
30113
23168
12212
12925
32613
27361
6797
15048
16872
25538
1334
25438
2736
22785
8590
14714
14858
9550
19998
14513
1274
25514
6114
14030
27113
1185
3287
12654
17421
31558
11080
22876
10648
15859
31193
30634
160
5821
5200
2196
30417
32697
14631
10260
18389
1778
9170
11333
32382
30245
16336
2424
7353
14915
116
23576
22067
18084
26992
13374
18888
28683
5158
32531
26032
31581
15791
10729
25192
23585
10663
23320
98
24247
26047
23706
29804
14936
14848
5222
12000
18129
20959
9869
27025
20990
27142
7445
10352
20745
3805
12696
6402
26976
14298
5276
31874
3447
19342
20145
2261
10563
22634
5965
27698
6770
3670
15720
24461
28778
17648
32214
29640
12296
6820
25447
1433
5909
30832
3263
1081
7048
1652
29686
30418
8830
23868
5104
27814
11002
32718
1915
17407
26716
27250
32299
29658
2211
16964
8948
17490
8802
29050
20620
8654
1667
15478
12158
30442
29119
7051
6670
14630
23001
25999
25040
5201
21149
5925
21255
24755
18076
17095
4542
20477
32676
30102
11432
31985
15105
7393
441
18897
17783
14455
20608
14729
23290
26029
5707
12187
17971
3886
4089
17102
31668
19845
32157
3734
11509
17515
984
12098
3862
2258
18163
21736
20819
23470
7103
6416
32582
17798
27180
803
19168
24253
7595
26514
31270
20641
16197
3526
29867
23345
5496
18634
11472
27566
26069
28346
24766
4072
13403
23275
28448
21061
7313
26327
15265
19090
8293
1487
24361
28554
2247
28511
8151
29990
13317
1152
27837
17322
28133
23424
22877
21356
11652
7858
21735
31075
21745
10709
6448
28787
20105
4677
3442
11130
9232
1508
6342
15386
27540
11462
8290
23108
9730
31135
11666
22665
27525
5356
30583
4385
418
20196
19587
6071
14100
17437
6064
15354
8553
8447
32131
10468
6233
12265
19652
11464
2793
7717
16122
30238
2628
9100
17576
20751
9812
30968
22858
12735
30755
18798
6926
5980
30197
2568
8787
5099
27937
25764
21731
1229
15795
8527
12527
18452
13251
14959
19406
31368
6804
1970
117
2679
25964
11194
2485
11072
2613
12421
1080
30110
27096
32414
5177
16565
25173
6917
11014
32734
26274
22495
10295
12595
14410
25566
21164
10457
7872
25710
25928
17680
14471
1701
11119
22268
16900
13032
26944
19505
28190
20316
2962
25856
11419
15635
23472
899
31290
31731
13012
24426
5776
8550
26982
10884
15267
3523
32241
29197
13128
3199
12265
18618
26173
19220
2591
1413
16645
21165
6400
9016
2695
28822
18577
3259
2149
14694
9771
25119
3357
4842
502
614
19426
28880
11302
26136
3640
12312
18936
5767
10066
15674
32363
19933
16683
28951
25279
3050
24422
20642
2734
11183
13286
6987
4205
17833
8493
21551
25697
27359
1654
12801
23714
1195
12689
8630
16432
25928
4737
18419
18935
21791
3286
11575
24453
10449
715
200
30597
11267
30240
7775
27651
27885
23222
17042
13406
13474
30444
6661
17164
14365
28091
5968
785
19983
20116
15279
12605
13674
18165
15980
3368
14509
20941
16141
7662
14830
149
28221
1707
29609
14890
22907
9909
31307
2924
17796
412
19068
26009
17281
10978
28720
26215
27889
12667
4716
1507
29268
18179
28632
17932
26781
7873
6154
16430
341
16480
28044
11264
6543
19047
15539
15485
19343
24701
29471
28290
28473
16735
17425
9516
13627
16541
17776
12271
18682
8216
20889
5751
9533
1339
14825
17983
1948
1532
5644
32242
11943
2449
15364
4740
20181
30963
11513
27152
27187
31507
707
18544
30408
14559
10807
18846
32714
25843
30261
9678
11652
799
22382
6983
24578
11165
17654
6661
18562
17935
8589
3344
11674
30778
10669
23962
17960
17541
13907
3035
22270
5168
24717
31149
32587
10580
20936
17126
24520
13470
19671
16249
2214
2762
15299
2892
23098
13793
20053
12247
17510
24115
30052
19329
4295
18196
18143
21177
9120
23382
5785
18135
24457
1418
20439
32433
6103
20469
23451
23805
15818
2132
8111
4202
13433
25424
25200
14717
30590
23487
8032
4652
97
18849
6249
29499
5829
27861
12274
21338
30549
26526
22436
7163
32108
25818
8185
28661
15239
26108
13449
16346
11883
29902
20755
18457
30485
13544
31566
21714
18278
4335
3438
26492
28043
32655
23925
6713
10798
7222
3390
23796
15710
3989
20298
26688
22079
984
11337
496
20849
8352
5480
28534
29249
19140
20317
12796
658
9164
564
26692
1417
1321
31191
29248
26875
29494
25438
12913
24984
17391
4892
2304
24020
30067
8037
25757
15257
28731
23585
1307
11438
12568
786
19400
30181
5870
5349
13710
29959
20531
16122
23243
6528
9253
20979
4336
15307
5070
5374
2523
32667
3768
483
3317
11471
14192
13772
9739
11027
29629
8919
26093
3157
17566
20062
4297
20974
8708
10241
22084
22669
22100
17784
28510
5859
5531
3866
15875
6929
19599
10540
19056
29393
25417
9706
14923
27238
28612
19543
7553
20036
5141
32709
11487
7039
1128
5156
22128
19190
28862
6922
13209
9020
20072
30086
17653
15689
15682
13989
4081
10213
1200
8896
31271
21968
25690
22412
32379
17074
13479
26847
6136
31430
4859
32323
32360
28996
5551
15676
4277
20883
17364
3161
2306
14123
19624
31485
22153
30796
15060
23018
14643
28512
8043
20626
31481
28465
28835
31518
25341
19914
6225
23867
15975
12846
28198
13735
6912
4284
6572
32382
3985
605
6142
9797
11769
25203
24906
19891
31505
24449
27144
5699
2112
27290
31735
19835
2781
12683
8924
249
3399
4040
10490
18242
5574
8727
24400
18762
24352
26878
11669
22723
32507
9709
9716
7974
5622
24364
6279
12674
25989
13955
25237
5383
26512
32427
30092
82
17355
15223
20925
25974
16084
30914
28889
4302
32526
9239
23599
26757
17215
21795
27299
6370
26348
12507
25197
14676
20592
21357
31383
13889
9438
27880
30773
2959
23964
31914
25441
7151
7100
22413
4093
12524
21785
25809
30248
28599
14134
15815
5757
20143
23510
7235
26126
22451
11099
17343
32291
17192
2271
20815
2994
14281
9236
7753
15006
15153
3292
8624
6320
7978
25767
31845
11350
30643
18832
7180
15134
26067
22327
8383
31728
17184
22876
29045
12558
31246
3136
11057
26061
5880
1724
22250
19472
24048
10782
4669
30089
28999
13255
5845
25775
21723
19589
19606
12670
23075
12721
21132
15858
16635
21512
10902
13889
6448
2122
29650
22747
12491
9620
24520
16930
6942
11646
20053
14313
7312
23028
15454
12463
1832
11477
28976
4760
21466
23885
5817
26159
1173
16115
10345
30941
6920
32418
25830
11048
12344
20759
11890
26285
30915
28495
1564
30684
16881
31902
3498
18293
13184
12943
15425
12230
25132
28287
12762
27041
32512
31992
21861
19743
12127
16078
10682
25112
22993
1020
1348
31838
29583
14396
6252
24508
6861
15720
28359
10161
2505
3987
22270
28396
11928
3814
23937
29319
29611
2876
17899
11524
1316
28029
12084
9480
7899
6843
20121
27609
12078
27918
27979
1945
23180
24112
5337
17728
11201
16343
5727
11866
31999
7638
22636
7814
26032
9714
6068
13482
14590
12677
1658
7159
24862
19669
30396
26784
9056
22577
31515
1113
6392
7889
10897
26258
26761
32619
29393
5232
3191
661
9597
9360
12777
31454
11274
17018
31904
2730
3699
28135
15227
11217
14497
29107
22982
5367
10901
20128
6470
6313
32603
5584
24837
23100
30383
28417
11486
29798
28012
18054
27079
28057
28856
24329
19169
5667
22513
17154
25409
11271
4438
20982
4220
24729
3445
25968
500
7131
30040
18880
26853
6554
5999
1655
7471
15432
14140
12958
17121
12696
11201
20664
15497
17628
30889
28286
30270
31518
20025
1109
21866
21760
7156
20623
22872
21076
8721
10854
14465
4986
11678
2233
1686
13437
27504
14468
12109
15852
32209
32544
20972
18298
16617
9280
18838
10325
27112
8103
28248
20806
27897
26282
23283
11405
21990
5482
17255
8058
32651
28621
10308
2507
22012
30273
29360
24265
3958
2608
17719
13345
2054
24129
3413
25219
11259
11860
8645
5116
7437
31548
31112
23572
32330
17979
18356
13735
4804
2110
2050
644
6908
24797
18453
26823
7437
14609
14731
10742
920
21938
22725
20446
16243
5560
13430
19244
22544
22574
8686
24522
5807
17909
27172
31487
14403
31550
15237
20293
21029
19653
27775
20969
21883
9422
23244
30309
23911
13281
29567
17277
13295
28996
12239
7708
14767
10045
4775
26092
7232
1796
29417
16311
1895
138
7814
10624
15614
23020
8767
13408
16291
17078
16952
34
31778
24280
28481
21662
7586
1384
17636
29910
30867
12061
23598
2002
14419
20615
32574
13115
15267
7183
2447
17337
19404
26547
261
32526
6801
12926
13241
31727
13011
1480
26244
7078
18439
11826
24653
361
4184
2144
24083
9079
5531
23925
15289
20984
10487
2896
23956
20370
25936
29832
9910
22475
27768
29736
2041
12065
19220
20778
29642
6379
12112
28085
17083
20206
24130
11798
21702
22206
5151
21376
31586
20699
15136
18052
30792
7559
9522
3406
7426
29544
13408
27045
22328
17378
7681
23200
13754
2354
13473
32297
12877
23115
25776
3635
19509
24689
20461
30139
16262
2710
13200
14720
25899
6775
1338
12417
1971
26486
29341
18491
14559
29494
12267
20639
29676
11256
16639
3029
6304
30905
10574
32179
2839
27399
11916
14076
1099
12967
6686
6232
24420
12008
9538
18711
28613
14789
31744
23974
11219
2238
720
27085
14467
16243
19208
31406
8618
4101
25100
13438
19204
1324
26420
4096
26113
21016
5243
29638
30803
17417
9709
9511
16185
12717
19407
19711
31624
1085
5003
3113
29310
13910
29538
23485
12102
25752
25808
13578
20811
19456
14782
15698
29501
20998
6250
29000
30436
29302
18967
3146
16807
12046
18548
10078
13787
23772
13772
19438
29901
27478
11251
30276
13710
310
3564
17347
15489
2844
18523
18667
16293
6113
11438
19210
17315
7868
21257
22979
15767
2839
12021
1088
1438
10799
17097
9783
26148
22126
7636
2206
21482
31880
4432
21037
6874
22103
18438
920
2955
30583
11456
31625
30098
1953
19315
15967
31374
18120
6441
32169
1522
14070
20144
7008
30097
2019
16900
9448
16107
8282
27261
453
7481
24908
31673
21021
5178
32433
17223
14578
21435
2594
13592
3611
18409
2872
21158
13319
25175
16802
22754
3377
26573
27912
24798
19810
20182
13987
24383
8874
31496
6297
11872
29212
24849
24345
3911
9292
24454
7995
19784
15754
22635
16277
28795
15835
22402
28316
10975
1211
20820
8897
27723
13461
18176
71
18712
20990
23239
16614
8080
6837
8531
31010
10261
20572
15306
22376
23569
29427
1687
14573
24481
10008
26867
12359
23041
17408
4405
22984
26805
17716
10719
6557
6525
7180
21348
8107
5878
7404
28346
19749
29712
1089
1188
22509
16947
20283
21949
18352
24112
25672
24387
10432
8170
18260
24745
4272
22721
21953
11739
20657
19650
17960
23119
29103
4751
26573
2256
22059
1551
24036
27657
7639
14806
21127
17364
9971
4947
23922
25408
18794
32188
6788
2916
10155
24506
11253
9959
12617
16340
9304
12874
13137
17307
5200
23804
4719
30106
14354
12060
2751
32252
158
16396
4468
14843
29885
18874
13355
24077
9657
9389
4621
3789
13279
30929
19111
7338
7861
12035
32393
20049
23803
28508
15776
26075
30820
14398
32595
19638
10513
23072
96
4693
11474
25625
8821
10647
22043
19758
10638
4344
3784
26203
29457
20858
19089
24931
683
81
9547
30807
232
12113
10468
488
1941
30744
30492
32366
22486
3579
21252
27060
22022
689
17976
23946
26449
10690
24027
20744
3347
18093
15191
162
23023
29148
29906
19184
7343
24649
367
3643
23775
31212
11593
21191
1320
27371
20784
19938
22381
7040
18977
2481
1703
15018
27783
15797
4737
18323
28468
9248
16563
17860
2590
22490
20511
2059
17625
1874
16812
15911
12504
2053
21222
12602
2915
5839
1618
23276
856
20724
21906
17246
7841
12782
26942
20949
31609
8692
29308
31779
26974
24911
613
213
5589
23644
31511
6174
18656
13408
30362
18310
27968
2318
16244
17490
24683
20186
14090
4274
17995
15867
17853
16301
23741
9795
12480
3021
2756
13214
29115
11402
10129
28523
27681
5751
13619
2686
7250
4654
2846
15346
7280
22012
11357
16559
6913
3661
17815
18366
8009
214
3779
22352
14181
13956
3243
30344
27687
22568
28194
10252
5813
10719
260
334
29664
20803
31474
27290
4421
21075
4554
21472
28710
28450
8169
27199
31238
22083
20512
6741
8966
19440
3447
27465
22018
14845
12964
32405
1643
21119
13641
16532
994
12603
18673
5583
27546
10192
13769
4359
21354
8356
24350
32258
2741
17552
13722
19734
3322
20299
4414
11127
570
16023
12062
21568
26893
18477
20192
26178
18051
17001
11250
19088
30651
27574
20110
30663
325
15543
28783
7710
30777
12602
29008
2097
24852
13277
5929
15500
8278
6270
5673
11258
22748
20836
7282
30860
21501
19247
23959
8552
20327
7040
22998
8023
19640
28263
23829
15884
16092
24208
29086
15925
12585
9261
17050
3139
17467
18083
10830
6138
7313
15604
26649
6328
7908
10479
14889
19077
5707
6425
22273
28638
8208
32089
683
9281
31055
14951
15292
19320
2644
2035
15372
10662
19378
1429
18738
28690
24867
12919
4290
19127
1571
13252
3142
14983
10315
5583
10493
18563
19310
29700
12117
23932
4981
13199
9770
19110
4091
15566
11708
20194
9639
24439
3698
9415
12621
19849
30545
25973
16580
22772
10299
19482
32133
24583
999
9793
9480
5277
17828
31966
10975
2567
22221
16922
24719
13752
11
4062
16177
20147
29262
17186
11981
14261
25481
32754
26481
24610
15152
27205
18453
18352
2674
8061
16174
4309
19510
15549
8468
19953
10455
32239
2069
30011
14752
16785
6741
10093
2054
32066
20843
13615
17576
28432
8125
3909
29191
6015
3991
3447
32517
18520
14350
14404
3359
21560
9111
325
24170
10964
1126
5731
10062
28173
21128
15288
16389
19383
12223
22598
29139
10281
11553
8538
23555
25988
20079
4286
11429
21444
26422
4513
10505
5512
11688
4167
16890
1441
7992
22641
12218
26972
4855
28298
20930
31632
5553
20374
20022
7270
27590
17370
11562
12779
21706
12364
27543
1367
27868
4793
16923
10522
18375
5304
7028
13228
8666
24914
30395
23314
17031
10606
12640
15663
27838
767
29929
24784
30983
3820
17514
15221
30050
4546
26051
18400
26334
27420
8860
31071
2299
6094
7457
6106
9921
10964
13438
20636
27037
26877
13593
2017
14846
29527
20626
14116
3507
11353
6524
25637
16387
17363
32472
31932
20362
5526
853
9056
7638
18147
11338
14454
3269
20116
25711
11355
5532
21516
20063
26160
13800
4320
17102
19304
19989
8514
30346
13331
19919
28465
1075
22504
18972
9315
21945
19
22838
20205
10650
2500
20522
9400
12249
1396
15921
4516
31421
32501
16849
31865
16207
14913
5043
28306
8593
28926
25411
2632
2174
23764
24842
31775
13766
6767
4811
21171
7494
12627
19807
26977
14409
19555
28752
20917
20609
28463
16184
26518
32451
13313
29912
31795
22917
24229
27639
17324
3865
20476
31232
29057
26535
9791
22363
12219
27372
5652
12679
23772
9653
18515
17148
15495
19225
18581
3266
1775
11641
20608
3537
769
19257
31701
5159
5969
27451
12598
940
32198
1312
19384
11973
1540
28990
20781
7354
4764
7263
16686
22984
15606
15167
18667
11526
19450
14788
26546
20472
27009
25083
20544
1012
17023
30423
4811
8505
32236
16040
23499
31688
13943
14684
21388
14858
25322
32377
27253
31008
22875
32470
7701
23303
22808
9756
755
23156
18256
6144
7954
105
2689
1342
24902
22426
12453
21588
16698
14723
19484
6660
21564
20806
13144
7559
25295
28741
3915
25745
19183
4228
25744
777
15138
8380
859
10884
4675
30270
2594
13703
28686
142
26376
10873
17002
6843
1038
29290
23418
5759
2552
16262
23650
23835
26113
24407
217
16881
32318
29886
6003
25310
16594
21935
12972
12893
31191
2223
24243
1885
7175
7695
26620
20190
26670
24806
32388
15181
8016
7119
16867
3493
11162
28008
531
21570
27657
26757
16642
15235
3804
31800
16601
19495
9914
24450
11018
13157
26275
31957
7196
28872
12441
6481
8246
1489
25354
13243
27757
843
4356
22333
24781
4204
4375
24032
7977
18352
3849
24266
17059
1397
3133
17463
1018
1111
31456
17720
22166
25417
24537
16174
19029
29048
10093
11013
15891
23520
6325
10801
12028
6314
5058
26474
12433
11340
1674
18215
22907
9311
17561
9180
12562
25663
11640
4595
27053
8037
19932
26506
29608
7555
26510
1010
13622
9316
3102
4836
29419
9090
13895
18305
13576
32100
3617
19216
13702
2750
17417
23414
8929
13127
11856
21876
17321
14424
5542
9891
18122
3401
23621
25393
19606
22923
27613
31577
29847
133
5698
19620
31767
19248
21720
2785
14699
3953
4794
15589
4
28985
28077
18691
14643
6495
6599
19786
15807
32312
21471
16257
15401
6652
3763
4323
14266
10968
18140
20891
27729
22738
10610
4094
8942
23905
31103
28554
17149
2248
24612
13218
11363
16694
5005
14855
9802
22431
150
8470
28333
20056
25402
5572
13986
28021
31168
1369
5994
16610
16036
12015
19514
23620
21830
20650
15559
141
5461
27828
9364
32609
24825
25087
25339
30764
12739
21690
16381
19200
2133
8848
12745
23855
10960
24227
28429
2989
24066
4427
23040
26402
1357
14223
4140
5586
21845
15967
11004
30509
1393
30103
32010
25909
11215
14004
22565
12180
12389
15188
10275
11385
667
24432
28269
31542
32185
19288
27203
21659
10258
16754
31187
1296
14574
2993
32766
27764
4408
17623
23269
8121
4844
31083
14133
2108
831
23674
19511
7397
25483
3085
19607
4355
27905
8557
6127
5348
6925
2329
31003
1079
28808
24196
32060
7714
25504
18319
12168
8995
7303
3017
17880
29864
29406
25448
2543
4716
21984
14855
2955
4503
2894
24861
26414
27029
28958
28225
11689
12978
11747
16672
14445
12922
31739
27962
30353
20947
31610
863
32419
22742
14042
30445
28974
3186
18015
6854
30735
2495
15947
29203
28280
31523
21446
20668
32193
807
25740
1955
15090
30999
19796
6307
4369
21339
15108
11851
1068
23448
25238
21338
6437
2182
19400
9722
28224
6544
6790
701
20590
20525
792
25432
22871
25345
21771
27938
25129
1714
18657
27466
22307
10379
31864
12507
14304
14035
19002
7793
20580
4843
26378
18361
30440
2346
29417
29866
23141
27257
26732
31365
11746
9133
5854
10381
15486
28327
4916
17542
12861
31022
19381
21232
9618
7559
10854
9984
11696
2265
29239
30307
4497
27460
17134
27826
23491
3515
28631
31411
24309
27045
5416
23893
30533
7736
6198
6250
5191
24464
32346
24866
22485
15249
18081
13387
21913
20610
12855
5195
16219
20838
10129
10969
2571
29722
7260
19070
22414
9520
12840
3023
12617
7565
29140
615
24430
13764
20920
17831
26889
4913
29333
18733
2249
2774
16189
16661
8847
22005
23298
3570
1464
29809
2784
27786
2091
22757
1386
25941
17953
14977
21877
14260
4791
10409
15238
15602
25909
15436
14844
32507
20252
772
14333
32478
18161
32754
26401
26372
21452
24151
22497
9518
26015
12787
26814
10288
26183
24862
31793
15727
20309
5287
8533
18971
20633
18800
6998
23597
21362
24518
29593
20256
26328
17537
681
111
24614
4063
7141
20433
15528
13857
18410
26423
4073
9699
14785
1665
2745
28732
27336
20228
26368
22170
2402
19133
17478
23130
9822
11090
16638
10794
19752
31948
23701
2335
29362
18454
28223
2965
26400
24885
15484
17866
13878
23877
364
18489
8833
27703
26584
1464
10056
4684
19708
32593
11570
32080
21270
20960
23988
29079
4271
368
16704
2745
26796
7766
5167
19468
22292
8203
32362
15590
16030
4555
6620
3215
770
27886
29592
31240
31740
15625
29641
31615
3360
27076
22621
24973
28257
17017
11889
29237
29023
10130
30331
14237
20340
28063
24377
32394
19581
22074
17245
16541
14952
15003
22005
30287
10626
17402
10652
3246
20862
19880
32354
31445
32580
19691
636
13100
4991
23198
29100
27748
24037
14981
16239
32305
24901
31857
14312
19910
19538
4888
17295
1554
13105
31922
14745
6076
21956
22867
27942
15583
32436
2828
24877
31877
18241
15296
20263
27109
19401
25798
27774
7005
7449
13379
6836
5422
31351
27717
28244
9209
8299
6048
14489
25341
14418
12425
32735
27150
13472
5363
4813
24404
9720
25773
8768
26825
21741
9528
3574
14704
11414
18281
20479
13910
16852
27331
13028
28490
866
31378
16020
26459
24225
200
2066
26902
25889
19095
20448
25212
16111
15058
6954
1221
30113
26116
13235
9175
25634
21581
14976
4485
22334
1280
14662
28808
10988
4094
24213
15166
28767
209
20673
31268
26827
18312
17299
26133
24824
23381
15540
29248
14728
27367
13013
31210
10247
13960
29599
3561
31927
28663
31838
7644
31001
15363
12653
31019
827
12780
8287
25538
16837
29817
14578
14988
27841
16600
10420
25521
24365
3898
17779
1680
13634
8491
12902
18299
898
6578
11292
821
29316
31532
10024
17965
19327
9961
11658
31607
16792
14979
9948
3982
1004
26370
30529
715
25691
7601
8461
10148
7962
11966
21812
2214
3831
13717
7796
12848
23147
28409
4930
23541
25954
21735
14966
11823
5065
7210
3765
7844
10459
28606
19618
8538
20268
1509
30660
10521
5490
27403
16949
13221
27670
7770
17168
23992
28543
23581
10136
15041
2841
12758
19240
27743
16679
14365
25055
13724
9038
3647
8711
1513
18397
29586
6218
14302
18397
6810
4755
32686
4572
4573
19909
17771
7546
24198
21022
26367
19376
9404
10858
7654
32740
31168
25063
1196
15789
15305
29947
30762
22374
2975
8344
20608
31092
17401
15467
11729
7767
2711
3016
21698
14195
22303
12629
22192
5788
3001
12664
435
25700
31593
12161
21591
12068
31279
20887
28949
24267
21216
30564
19859
6505
16067
12160
6560
25722
15083
6046
6637
3827
22359
4985
29324
12302
23498
1660
7466
18134
24171
31796
1805
18034
10269
27510
4812
6961
668
79
31184
29785
19548
6320
18829
24239
28194
24534
30848
31686
3679
13435
20201
25096
7759
17854
8006
29061
7381
4819
2707
10623
11029
14698
19523
19121
20175
16097
18940
21091
32383
16424
25366
6703
21301
13432
15314
10385
31796
11955
90
32304
20557
18841
23420
27630
6393
10929
7462
15793
29497
18418
19617
17903
25134
23604
8846
5628
28535
13913
9889
28435
30030
20282
27935
14374
28258
21075
12312
1125
26482
1327
16485
30352
28334
14738
2656
3325
7373
13928
10854
8808
5101
17264
19725
12158
4143
17320
22310
6440
26127
2679
4465
6040
2692
22429
21539
532
219
9691
28184
2949
19027
14433
17368
15295
13177
4860
25163
12686
6978
18684
316
31108
4074
20198
12688
1413
23951
15070
13123
4367
27276
8147
12070
32330
32150
28520
20570
30675
18841
3750
31114
25416
23376
2402
4588
28819
17575
4207
9719
20983
8656
11908
22498
26844
21543
24556
23520
29530
3782
30960
31772
1671
4328
1796
24694
24961
10750
6324
5627
25914
25491
6220
4647
15622
27872
9546
11738
998
9263
6276
21530
29330
23024
7961
24718
25160
10652
6169
27062
12375
1101
8436
29419
20074
18714
31907
16922
2965
1844
16792
21824
25121
17858
31334
13221
22040
28028
9520
5848
12431
12297
15827
10094
9142
2329
16083
18809
9121
13634
17670
13514
32723
15004
16899
21735
2447
24347
26952
11467
21215
10415
17453
14944
21089
17181
6284
5565
30676
26523
3630
18463
32102
8750
16116
5801
443
4292
7626
15579
14013
30737
24651
21204
12582
18986
22324
23368
9423
31458
24970
13631
6582
15847
26251
28051
26064
2716
598
11303
30612
438
20825
14567
15684
4246
1662
21636
13562
28264
14357
24812
29046
20223
3968
5516
8105
26479
18336
15173
22784
8296
9731
11311
20082
4693
23242
4880
6216
10040
29531
9883
13999
32324
19404
23656
3839
27959
11018
20407
29129
15230
30157
22500
30115
29447
9276
2730
12978
25316
26207
9752
11004
12196
9033
7763
27499
3441
16129
19217
12704
32745
21300
28880
8829
15293
18077
8666
23921
1548
28464
13050
30850
11645
11017
16379
12572
31006
7192
31717
23963
10496
29321
18679
27546
25742
29172
21603
30457
12977
7497
12748
17840
22438
13689
12928
13399
13466
30437
29813
24433
1290
16775
25861
5500
5597
6115
13161
23993
21054
8363
28407
8123
16955
5941
19740
14258
22303
22173
21271
885
8592
27578
24442
13393
19815
22978
20322
29075
32594
32187
15217
6103
28716
15529
2192
8463
25111
26737
18534
338
19295
1935
9623
1130
21262
27516
22461
30748
31567
16860
23335
12085
5507
3179
26708
10585
23589
11174
26413
27531
20062
26681
23046
21883
10599
10027
31827
32659
7075
13515
4394
28096
3448
21082
7548
8961
7153
29301
2579
25008
8468
20553
26955
9363
26116
19829
23696
7330
23255
17085
21915
16278
28725
12149
12140
13110
28341
29608
23302
8545
26615
267
7149
16602
7553
11940
4192
7894
31067
6970
342
30023
29801
19067
13883
6630
1675
26864
18535
20995
31862
25249
12898
5900
20304
14471
5850
6111
23054
16566
31584
719
2190
15687
29414
25720
23667
30215
29689
10051
25540
16609
22206
32696
32067
9483
13998
20871
1679
1267
13329
22868
20473
31464
20796
10054
29222
21641
26506
13902
24937
22766
28699
11319
23261
17816
7247
3698
1861
11801
31233
30623
28581
10882
8068
6619
8093
145
7006
6604
4488
13207
9158
3693
16472
10027
16863
12698
31535
16529
29874
3419
22206
13031
2030
12784
22622
25109
6751
16544
14064
2162
4142
22338
19829
2871
27870
10376
7020
10660
20738
19727
28399
29428
6078
6439
5260
12033
20485
866
10468
9655
3468
26590
26630
28986
19856
13394
5769
18135
27469
18651
24683
25260
24633
6532
18861
534
19461
23703
3242
6365
81
20902
571
11553
3121
27992
28556
1540
868
30197
21949
6421
32078
23727
7992
25215
1979
24502
18133
5110
2386
16634
21679
18013
20443
7614
19652
6711
17968
13025
27471
29396
3589
6635
19173
14391
31063
19162
20561
19402
8117
28331
30768
7105
2866
20135
25165
334
14629
27762
14010
21897
27303
3797
16563
26909
202
20294
23346
19124
24729
29757
2897
2080
6868
9270
25700
22094
21352
15748
4562
19435
9392
24284
8888
6867
31342
27805
29500
29758
8328
7904
20401
937
386
25668
11631
11398
20671
9590
5488
30371
7287
13699
7339
21850
887
31453
1585
13694
2716
7470
27400
32256
19981
17376
970
28517
2619
12649
28669
3560
14490
18263
5937
622
15388
16159
32732
7726
22898
9125
14325
27933
30466
22411
11091
794
24743
13370
963
28638
2859
3505
28394
1441
4996
10000
26080
24205
30162
25571
21129
19684
14356
16943
11955
8688
1198
26943
30962
30638
28827
22827
6970
26937
26993
1837
8001
26104
1818
29347
19602
2951
15692
32483
3185
12902
10445
7619
12146
6500
29801
5859
28888
23497
4526
30657
21422
7750
16750
30842
13735
7837
10226
24929
13239
4624
26878
15681
15469
32395
1929
25714
27671
31376
1337
11422
3732
32742
32160
18769
25335
15617
14649
10562
31969
4400
29728
23651
24475
8073
21653
20138
12021
9364
19759
25501
4578
31418
26336
16032
8912
31084
11948
17407
2505
6931
17192
7865
7243
5562
15797
22290
7911
21117
29562
17879
1180
28593
18978
28783
18417
14801
7259
6566
14804
18219
27146
4921
25141
8783
20558
7201
20066
12082
1339
22432
26913
14118
21331
10508
14479
18298
20676
94
7611
20208
20068
25466
29186
9699
14956
16444
7720
27957
29432
21319
1851
28666
17466
12172
27944
29670
3713
12956
5914
9335
20462
29102
27030
1249
3568
27504
16983
5310
23172
2702
13803
4978
28974
17667
2826
3679
10166
25634
4025
9678
11939
16739
9251
13464
23929
1006
5938
18072
1714
10985
12528
2512
3965
28802
1697
9822
18232
20923
29852
10525
15023
18169
23021
27930
32530
31050
29100
12221
12472
121
26140
15284
8598
30164
31107
22174
29566
26552
24779
23932
6679
31201
11229
15320
160
15987
22457
10675
20324
5063
26197
23599
3324
4855
6203
5377
5959
23336
9185
15509
12330
17818
1735
29438
6664
20080
19539
17316
0
15936
26220
26540
9705
24666
29656
17189
7182
20953
4182
2296
29354
13675
2683
12686
10530
22496
6989
12351
21765
4468
31649
4990
15556
28636
29493
31685
25137
29969
15756
5441
14521
30432
24717
61
864
27438
20698
21584
5761
11532
32753
10823
31043
1663
12293
22736
8922
2828
10650
20459
20355
3845
12003
16145
10557
18326
18651
29217
16456
24463
18981
4366
3935
3311
9124
11850
1973
29492
26330
20465
24752
24165
4610
24502
10087
8923
492
11662
18909
11731
9627
28958
6651
4789
20383
30181
1103
8482
16691
24105
30343
20416
19223
10403
12715
1989
8236
25833
1054
7492
13777
17055
10066
58
19967
26462
15694
29272
1830
14175
10721
19854
3527
31984
17315
10076
19406
6803
6321
23768
12725
13302
17188
21374
30041
31127
2390
31418
25242
819
17876
23095
6582
25843
21281
14565
22371
27478
30512
10444
8878
10717
2719
916
31894
18552
22453
9168
28007
15283
27930
26382
3032
21408
24665
17567
23012
19843
15382
1319
4968
21568
5646
26339
19073
7045
2259
15037
28067
439
3397
17937
4986
25758
28624
30013
10369
5327
23911
10987
23139
5085
17476
14366
23828
2366
1116
18685
26031
6655
11172
21090
30478
3880
14854
19490
23595
30445
10530
17434
27705
11417
13253
5630
29826
29498
6442
21473
25599
3853
22515
11140
5305
2472
7397
21598
20194
3306
24934
21103
25010
162
30136
6597
28163
22274
29427
24267
16043
13250
20676
8021
19101
23059
6888
12396
15551
3402
614
23769
7561
20553
18063
24691
31329
12205
12726
19496
9913
697
9648
7886
29414
20229
29706
7847
29887
15078
32269
16310
15866
15005
22642
8900
7238
25663
28389
31025
16168
5734
25404
22907
24470
23964
9332
20624
17748
17540
31087
15316
17938
31430
31600
14320
6722
32448
15442
12384
9147
13806
5259
23483
527
8213
21733
12481
4268
4403
22518
8231
10933
7718
12132
7969
20638
10270
26842
20147
2954
12996
9929
19384
10852
28967
2271
29615
13503
13675
8264
10825
12142
12080
27559
27571
3811
9411
5843
14243
29512
4871
31313
8484
2655
24609
5782
3874
13082
3303
1785
31157
16122
4358
10362
12334
27944
19957
28725
29666
31572
17565
11684
29624
26705
31173
13464
29813
17517
13631
10997
12738
11154
2004
30256
17410
17694
17392
1161
5846
25986
21774
28169
15469
11676
8674
10555
10636
17365
25928
20394
9825
762
10735
11806
7
15067
21700
7317
18136
24230
27169
23043
9591
15616
31154
26569
7320
7656
23851
8439
12182
25164
13740
2370
19891
361
21487
4036
1068
32739
30519
16758
17668
15528
3832
10093
20109
12165
27463
19671
32694
30084
2048
10421
9496
18189
24249
26454
2751
13240
27498
20375
24248
16371
20440
16348
12383
16472
16838
32461
6245
3787
12251
23505
21924
30039
18770
23371
27298
27334
21604
27287
2023
32002
32629
22467
20223
1326
6400
2317
14925
388
23108
12321
13718
12525
12460
29967
13129
19553
12799
21774
19088
31237
10060
12530
10775
22014
23187
18287
27551
11542
4915
5899
5185
17686
27927
25572
19843
20189
30368
23847
8988
24132
16721
7756
20871
946
20797
2066
29002
25470
5937
11582
2819
26375
24993
20243
24631
25493
28755
9616
29914
21230
5837
28524
9630
31160
6528
1490
22268
6034
12721
28637
2307
31984
25643
12754
23523
8890
5798
21535
20792
8100
4085
24087
22040
5964
20211
16491
25051
32533
25644
27496
13741
21701
14922
3314
2261
8929
31046
12868
11714
28356
28746
18789
31706
27777
12904
15977
2562
5246
20989
12397
1517
30413
26339
31312
13350
26697
19290
2865
25819
25973
15284
19117
26991
18196
17602
1237
22206
9352
11521
6642
8237
32747
17540
28152
22393
6127
18337
21450
7485
31606
16475
28723
3648
15088
4755
20640
14725
21368
7917
12703
27408
12206
10371
12568
22392
23122
26956
26701
29745
16037
331
10643
2198
4736
11383
24014
17337
17969
27501
15790
25323
5657
2776
25259
13578
6662
13724
27585
1677
28241
32197
12779
16976
21175
2099
18530
21280
23288
18177
17554
4614
3377
28346
2529
19796
2554
4667
5407
13425
6719
4454
971
13411
16095
18059
21259
4385
7686
7831
4713
18326
27211
2042
1615
1141
8073
25690
30273
15296
12669
26873
8924
11542
2084
6630
8082
24767
26066
19431
3107
27000
4882
22818
27098
30464
27713
29837
2189
1375
11497
18459
18258
13561
5342
18852
9473
5974
17179
29328
23662
31918
25178
17995
2147
3639
885
21353
2912
16687
16767
7060
14097
28328
2977
3641
28563
7191
12470
502
18023
16539
2214
22722
18738
4877
22403
15066
58
11467
18021
5231
22689
3396
3590
16913
30303
19011
12060
6105
10753
30973
21626
12121
1571
7129
15077
10308
20654
8449
15031
18398
19410
15789
20278
8994
4802
12842
14257
16309
1587
17068
3680
22413
1170
28889
28921
11104
27144
16913
5906
4047
5166
7807
29242
8527
26000
5345
13269
19163
1251
3863
21691
2908
21510
17261
31376
9683
23227
28328
22241
10316
8482
8914
23555
30083
13817
14021
25516
15699
23701
8826
9038
4066
7839
21519
2615
30606
15760
18842
25962
17814
16362
31664
25914
32137
5692
25779
24748
2927
5075
12511
29322
12472
14144
25364
19527
21480
32398
31329
23190
7936
17216
25684
6089
6315
23052
18436
10218
9262
29274
30170
6811
5132
29051
2084
28333
15228
17834
88
13187
10892
27843
27944
25637
273
10949
25929
22563
1110
11273
25347
26160
25472
3903
19577
5242
22210
4910
13494
29386
1350
25640
8571
31328
24022
17742
25035
3980
20046
4489
16691
268
1474
20547
9177
8489
11631
23017
22347
21648
17506
18466
9221
13041
2538
11724
27584
5465
8895
21179
24701
11856
25839
28464
8277
1970
30348
8987
16893
590
11031
9488
7707
13120
19371
25867
24908
15118
13801
7908
13042
29317
32167
6288
31934
2385
32088
2077
7937
29279
313
23916
7602
14835
31041
27563
4670
8584
24006
11929
28179
7531
13039
10105
23019
4118
22237
3539
15832
24397
1688
20462
15892
16122
17851
7949
14470
19913
5343
876
3860
24451
8905
13304
19115
4396
25683
11730
25359
731
16155
18306
14180
21340
13037
15355
888
14727
11761
26963
24022
22366
30612
16191
2699
8936
24119
6480
11958
209
5018
239
12497
27838
25607
4889
20930
19314
13374
1499
19105
17058
29220
2445
31559
12952
25642
462
30107
11658
894
21059
29084
2231
19700
15118
30254
25415
13491
272
17060
16096
10399
24031
17681
1544
19850
29574
10574
7229
25370
16383
19659
21462
31352
19569
8983
26008
27581
5162
22317
17943
13853
24410
13700
29907
14033
3477
10965
8462
25286
3079
25514
16494
28423
29556
22699
29527
5099
2551
21416
21254
22270
9334
14693
1390
1968
9192
9257
13011
23232
2630
6917
14631
20582
25426
29157
14631
20803
32011
7768
22837
11785
11243
3359
23028
28138
5862
17527
22693
6082
18211
24358
23365
25091
30584
11335
610
30052
24488
32726
31937
11849
30556
32763
6321
2289
27874
31511
3885
9313
19367
4751
25781
2068
3701
18011
31721
6239
6509
11597
13802
26022
22468
26146
15472
16961
31037
3402
20907
19244
2922
17271
16859
20336
27298
4327
21166
16981
18113
12658
19549
9284
14243
5459
30853
3710
7518
8886
12998
19839
18497
1029
26397
13872
9360
3827
6658
8655
26109
4165
22081
15519
28391
2147
7320
4943
28498
9378
12565
2859
30633
334
25134
12548
31541
123
9629
2784
32348
16777
9986
22626
27802
1400
9270
28152
21057
3057
13168
5830
30192
13583
20250
10582
3541
29682
17265
15100
3234
24067
23007
7690
16976
25348
24088
5817
19606
31198
22774
29394
4904
20010
7445
28703
19376
14973
302
7573
16781
7028
25652
9022
23886
18307
22321
7400
10221
14204
2269
29584
17867
11233
20227
24972
9583
23275
27028
3450
24063
29527
23432
26603
31098
32755
30072
14287
9915
30700
28157
416
3886
2004
9158
13647
19535
24438
25979
20207
14567
4186
23381
22050
6662
18710
28282
26694
23487
31067
18969
14688
23974
10939
21066
14277
2826
6715
11427
16010
15091
24221
13977
689
5082
10090
1437
10000
28459
24769
19698
8960
30843
18402
17744
26571
1161
15482
29243
28883
23542
23212
24864
10882
30148
10723
15924
23541
23952
27738
23309
32616
16783
23400
765
13664
25674
23693
14641
16026
28185
31549
15502
10422
23137
13166
27975
6563
31885
22755
28734
26057
22733
10038
11296
23802
19601
18088
31807
31254
17092
20905
13614
24960
28617
10022
22302
23108
20790
5525
2555
11780
27987
10945
16198
7079
3665
13397
5553
18625
30026
15659
23164
24001
16636
4946
17554
14557
1093
8929
17762
25534
18526
12670
2942
14315
30423
18093
4854
24054
26454
19674
24435
4968
3343
14117
15378
25453
3
14319
7430
15935
24056
21544
32492
6995
16187
24407
24557
4678
15128
11366
11926
5766
14358
32563
19063
16832
1011
2775
29309
22797
28514
2228
15631
30940
27015
13377
30187
5021
22318
14229
32191
12083
8655
21684
1927
3351
14914
22429
20393
10571
2882
7439
10450
15365
6051
14879
31374
10776
16467
4219
3498
4130
28178
23419
16970
21624
6897
493
3017
27602
30604
14493
20051
15541
10247
16806
31300
19876
21705
21628
319
10757
2811
31413
270
10709
10431
28058
16445
2059
20785
16497
22645
29645
9246
25480
10905
2134
13702
19458
30882
22434
212
19553
16699
29662
21464
27095
14620
9106
28040
14924
32295
11404
19579
5934
24643
24972
26913
12541
23548
24241
22467
20370
8919
8358
3646
19250
19830
25228
18815
2646
4976
28326
20157
4152
9454
19910
1145
26653
518
379
7991
31077
27607
13559
24057
4180
19305
4290
4736
10142
10818
7457
28994
16052
6343
24388
25898
18641
7769
7474
25362
195
3883
29813
30977
11642
25573
12165
5412
9042
28410
1525
16526
3616
3018
13151
18863
20478
9079
4369
6806
215
9095
7796
14054
23217
16958
9280
7578
7869
11449
24162
2680
16160
31434
22696
21334
22911
1175
27186
23824
20045
30193
31641
25668
212
15221
988
5588
3076
9573
26639
13081
30719
23620
10690
15847
15456
819
4146
26693
6991
9230
14386
17385
8518
16710
14039
28022
21920
10620
15078
12148
26598
26850
22782
22803
26073
29778
28294
17567
17983
27180
18260
18882
21614
1264
29218
6013
18585
7071
28593
12773
6366
19409
10426
3997
20235
10646
22170
4887
28468
4365
19129
23434
15093
30150
16574
10674
23943
19417
10100
21578
19589
26307
3194
2122
27004
27139
5805
20704
12341
10105
15190
9008
32193
1913
6676
27084
15433
22194
11144
19442
32658
5570
11970
11400
24147
9877
366
7384
5175
29569
20158
16139
14512
27682
16663
21607
5762
29687
8827
29512
28682
7865
6073
8416
15442
22143
25174
19118
10455
18323
21818
23487
27668
11793
26650
27048
13526
24901
5545
13630
16959
14530
28798
31516
28823
10050
6851
20434
18134
10049
3235
1005
20722
21848
21873
19371
21225
21594
17305
9851
8333
22320
8007
16950
9746
27765
25561
22048
27992
26576
9221
12701
11257
1301
1226
31411
9746
8475
31512
22595
29138
9307
14398
1031
26564
31565
28952
74
19420
14466
27636
28011
31555
15490
329
15119
10978
32611
31510
12585
688
22574
32539
3243
8636
24049
28603
11273
22266
16036
28588
1906
6861
10172
29796
28878
5464
7313
4931
22390
15749
22128
30081
2997
23761
2688
7894
15874
990
12629
29419
13819
15286
11350
9603
32033
32736
25807
360
31062
19749
16597
12824
13079
20767
2525
31789
17273
1670
8475
4237
9701
19002
7580
26197
27027
13584
12322
18310
32455
18013
26819
31853
7118
11075
14912
16852
30136
11966
22310
30187
18642
7789
17575
10227
27882
12321
16182
30384
28994
13351
19684
27020
31824
8277
6525
12427
27452
16343
30817
30451
27926
5047
10276
13495
5594
12333
13285
10919
9510
8876
3695
30042
31925
11433
17169
25303
675
24361
22589
30470
27487
25362
16355
19161
10095
31277
29067
12857
28903
1278
2613
21683
13479
6468
3568
9439
21335
30030
10044
25236
30244
23556
33
5069
29495
9649
4364
8281
32250
4497
364
31814
7946
9246
30224
3339
12282
7707
26943
13688
22221
22621
26773
13406
15666
4188
21664
16894
32637
29053
32318
6194
3946
26397
15796
20829
1680
861
24463
18964
9382
1712
827
29065
30073
21541
18276
13500
23209
24181
24592
28768
29991
22988
29305
5518
10863
15960
21164
27947
16772
26514
32482
9754
21424
23631
29857
6690
3320
2949
15250
30110
30817
2526
16929
11751
21478
7167
26583
29314
10292
6549
20855
1288
8235
29988
25306
9177
23573
29838
31370
29568
15524
26214
19233
4836
25005
24562
28256
17972
22695
20482
3598
25744
14050
29300
16022
29816
7047
28802
26464
8949
21843
14802
21739
393
10258
25147
20655
14040
28126
4184
23220
3603
4117
18639
24818
4392
5147
8799
4199
6570
14293
11947
7163
1154
23008
9160
5395
29779
10645
4744
12791
20142
23230
13700
7652
24571
22805
9451
12016
21026
14208
31502
7586
25084
22286
13735
6733
32637
433
24556
23601
17566
29881
20824
1615
28427
5909
3380
32272
18577
22344
3816
3988
10821
27948
3843
31707
1653
31594
3339
19606
9552
19637
10758
2507
85
10441
8133
11563
26748
32039
24819
28467
25381
21901
11745
18949
27076
24631
10767
19971
30794
31192
15994
9265
5714
32087
21672
23112
18192
21322
13940
21657
3066
32051
7833
424
26164
6269
17921
11140
700
5428
31179
743
32090
7303
1566
16402
26181
25343
433
30055
30357
25213
17942
28611
8045
14326
8393
16545
24548
8429
2300
19952
3512
21683
26144
943
31921
13665
13107
846
12502
5266
2764
27845
1875
2017
26600
7537
549
2342
10098
177
8843
24175
5780
20036
32301
1472
6592
21089
31497
8331
14461
7059
24097
6894
6642
10843
6374
2735
15924
32388
354
503
79
7748
24873
20945
11542
29463
1789
30818
15019
6235
18244
14054
27853
30636
5930
2927
29156
20221
11926
2652
17614
31867
23758
21402
24423
11298
31721
8093
2522
17179
12024
8221
21163
9436
22259
12433
31616
11774
27237
4716
26290
221
7127
12570
20887
32754
31486
10681
26509
4591
31908
4760
31175
2975
5462
15984
26583
23420
21202
30564
1279
21261
8239
28090
1591
10758
8394
22103
17662
5918
19956
29948
25313
6830
17245
3651
6604
22286
26175
32087
17684
4783
21322
26998
28480
16376
16211
22312
28827
9954
14011
4412
27258
3154
26528
9607
11085
29497
25286
29020
18280
21358
32580
31178
29327
25158
19694
2968
26179
18681
16774
24322
24783
25780
3233
15152
2321
27773
15963
21882
17161
6347
11450
26718
16675
10465
17379
15933
24132
25070
11519
11224
3223
25574
30698
13966
25876
28702
13218
25171
9173
32170
8554
25456
7448
14198
28353
12285
30483
16423
8710
11550
13435
22447
9704
29696
23507
16050
8079
27282
18293
29596
31628
11268
27233
9599
23937
32000
5577
30893
24208
18347
2904
31001
18052
23386
26694
22126
11202
27668
13597
17901
9710
3532
9800
9735
32604
10075
22880
16318
4413
6463
6966
16828
13958
5142
672
20784
415
23256
27652
19564
8401
27863
8614
6976
7532
21368
15537
10516
25019
4015
2823
25799
12713
25404
1480
25163
559
29095
9380
31228
23429
29948
6625
453
12804
583
17195
31729
25053
6606
23327
22482
14716
32529
14230
8212
16058
5250
8369
13022
6853
14084
3241
24494
22735
21797
19540
1777
25465
15900
29814
5989
27902
25729
4045
1327
11808
4302
26074
5820
10195
16282
25201
9048
